[508, 1012],
[615, 1018],
[741, 1022],
[805, 1022],
[954, 1021],
[1012, 1004],
[993, 908],
[856, 958],
[769, 955],
[646, 956],
[459, 934],
[555, 931],
[432, 961],
[384, 922],
[325, 901],
[289, 866],
[322, 793],
[399, 850],
[318, 728],
[400, 766],
[439, 887],
[472, 877],
[520, 884],
[634, 895],
[726, 901],
[801, 889],
[895, 862],
[957, 815],
[1003, 722],
[1032, 805],
[1029, 631],
[934, 721],
[889, 800],
[772, 838],
[660, 830],
[571, 826],
[489, 814],
[466, 751],
[571, 751],
[634, 770],
[717, 773],
[730, 727],
[778, 691],
[852, 689],
[906, 682],
[955, 605],
[1003, 551],
[933, 560],
[865, 614],
[790, 637],
[726, 641],
[691, 691],
[649, 719],
[583, 691],
[523, 691],
[435, 683],
[373, 698],
[312, 649],
[298, 598],
[373, 613],
[442, 628],
[532, 617],
[627, 628],
[700, 593],
[769, 583],
[819, 556],
[882, 524],
[945, 503],
[1017, 475],
[1011, 412],
[943, 419],
[859, 443],
[774, 473],
[705, 493],
[649, 535],
[525, 547],
[444, 509],
[357, 506],
[322, 436],
[403, 425],
[504, 436],
[594, 461],
[667, 442],
[781, 413],
[865, 388],
[951, 356],
[1000, 311],
[985, 256],
[921, 274],
[858, 304],
[811, 316],
[648, 346],
[571, 368],
[493, 361],
[441, 361],
[363, 355],
[334, 293],
[397, 283],
[484, 280],
[568, 269],
[640, 256],
[702, 238],
[786, 233],
[855, 236],
[912, 208],
[981, 187],
[1002, 128],
[922, 128],
[862, 148],
[789, 154],
[718, 167],
[627, 169],
[526, 182],
[462, 184],
[355, 194],
[334, 130],
[402, 106],
[504, 103],
[589, 101],
[679, 92],
[771, 95],
[871, 79],
[958, 67],
[786, 28],
[628, 35],
[484, 52],
[324, 49],
